"MedcinForm-V1.1"
"ALT-DUH","AHLTA","System"
0,0,0,1300,2000,0,1048576,"","",""
1,5,377,295,395,0,32," |||||||0|0||0|0|||0|||0|0|0|0|0|0|||","L=V=13:DF=1:PS=1:TP=0:MR=T:BS=0:TWS=0:PB=3:NB=3:ROS=1:PL=1:FB=1:EM=1:CB=2:HHL=F",":-2147483633:ALT-DUH Generator"
0,380,0,755,535,0,4,"","I=T|S=T|B=T",""
1,1,1,738,51,0,2,"|||||||0|0||0|0|||0|||0|0|0|0|0|0|||","T=T","16757810:0:0:1:Header frame"
1,0,0,738,0,0,1," |||||||0|0||0|0|||0|||0|0|0|0|0|0|||","","0:0:1:1:"
1,0,52,738,52,0,1," |||||||0|0||0|0|||0|||0|0|0|0|0|0|||","","0:0:1:1:"
1,0,0,0,52,0,1," |||||||0|0||0|0|||0|||0|0|0|0|0|0|||","","0:0:1:1:"
1,738,1,738,750,0,1," |||||||0|0||0|0|||0|||0|0|0|0|0|0|||","","0:0:1:1:TSWF divider-left"
1,60,1,700,34,0,32768," |||||||0|0||0|0|||0|||0|0|0|0|0|0|||","F=Stencil|B=F|Z=24|C=16777215|T=T","ALT-DUH Generator"
1,60,35,700,55,0,32768," |||||||0|0||0|0|||0|||0|0|0|0|0|0|||","F=TimesNewRoman|B=T|I=T|C=16777215|T=T","What if I told you ... AHLTA improves productivity?"
1,8,4,11,4,0,1,"|||||||0|0||0|0|||0|||0|0|0|0|0|0|||","","16777215:0:1:1:"
1,7,5,12,5,0,1,"|||||||0|0||0|0|||0|||0|0|0|0|0|0|||","","16777215:0:1:1:"
1,6,6,13,6,0,1,"|||||||0|0||0|0|||0|||0|0|0|0|0|0|||","","16777215:0:1:1:"
1,5,7,14,7,0,1,"|||||||0|0||0|0|||0|||0|0|0|0|0|0|||","","16777215:0:1:1:"
1,5,8,15,8,0,1,"|||||||0|0||0|0|||0|||0|0|0|0|0|0|||","","16777215:0:1:1:"
1,7,9,16,9,0,1,"|||||||0|0||0|0|||0|||0|0|0|0|0|0|||","","16777215:0:1:1:"
1,8,10,17,10,0,1,"|||||||0|0||0|0|||0|||0|0|0|0|0|0|||","","16777215:0:1:1:"
1,10,11,18,11,0,1,"|||||||0|0||0|0|||0|||0|0|0|0|0|0|||","","16777215:0:1:1:"
1,12,12,19,12,0,1,"|||||||0|0||0|0|||0|||0|0|0|0|0|0|||","","16777215:0:1:1:"
1,14,13,20,13,0,1,"|||||||0|0||0|0|||0|||0|0|0|0|0|0|||","","16777215:0:1:1:"
1,15,14,21,14,0,1,"|||||||0|0||0|0|||0|||0|0|0|0|0|0|||","","16777215:0:1:1:"
1,17,15,22,15,0,1,"|||||||0|0||0|0|||0|||0|0|0|0|0|0|||","","16777215:0:1:1:"
1,19,16,23,16,0,1,"|||||||0|0||0|0|||0|||0|0|0|0|0|0|||","","16777215:0:1:1:"
1,21,17,24,17,0,1,"|||||||0|0||0|0|||0|||0|0|0|0|0|0|||","","16777215:0:1:1:"
1,13,18,23,18,0,1,"|||||||0|0||0|0|||0|||0|0|0|0|0|0|||","","16777215:0:1:1:"
1,15,19,24,19,0,1,"|||||||0|0||0|0|||0|||0|0|0|0|0|0|||","","16777215:0:1:1:"
1,17,20,25,20,0,1,"|||||||0|0||0|0|||0|||0|0|0|0|0|0|||","","16777215:0:1:1:"
1,18,21,26,21,0,1,"|||||||0|0||0|0|||0|||0|0|0|0|0|0|||","","16777215:0:1:1:"
1,20,22,27,22,0,1,"|||||||0|0||0|0|||0|||0|0|0|0|0|0|||","","16777215:0:1:1:"
1,22,23,28,23,0,1,"|||||||0|0||0|0|||0|||0|0|0|0|0|0|||","","16777215:0:1:1:"
1,24,24,29,24,0,1,"|||||||0|0||0|0|||0|||0|0|0|0|0|0|||","","16777215:0:1:1:"
1,25,25,30,25,0,1,"|||||||0|0||0|0|||0|||0|0|0|0|0|0|||","","16777215:0:1:1:"
1,27,26,31,26,0,1,"|||||||0|0||0|0|||0|||0|0|0|0|0|0|||","","16777215:0:1:1:"
1,29,27,32,27,0,1,"|||||||0|0||0|0|||0|||0|0|0|0|0|0|||","","16777215:0:1:1:"
1,31,28,33,28,0,1,"|||||||0|0||0|0|||0|||0|0|0|0|0|0|||","","16777215:0:1:1:"
1,25,29,32,29,0,1,"|||||||0|0||0|0|||0|||0|0|0|0|0|0|||","","16777215:0:1:1:"
1,27,30,33,30,0,1,"|||||||0|0||0|0|||0|||0|0|0|0|0|0|||","","16777215:0:1:1:"
1,28,31,34,31,0,1,"|||||||0|0||0|0|||0|||0|0|0|0|0|0|||","","16777215:0:1:1:"
1,30,32,35,32,0,1,"|||||||0|0||0|0|||0|||0|0|0|0|0|0|||","","16777215:0:1:1:"
1,32,33,36,33,0,1,"|||||||0|0||0|0|||0|||0|0|0|0|0|0|||","","16777215:0:1:1:"
1,33,34,37,34,0,1,"|||||||0|0||0|0|||0|||0|0|0|0|0|0|||","","16777215:0:1:1:"
1,35,35,38,35,0,1,"|||||||0|0||0|0|||0|||0|0|0|0|0|0|||","","16777215:0:1:1:"
1,37,36,39,36,0,1,"|||||||0|0||0|0|||0|||0|0|0|0|0|0|||","","16777215:0:1:1:"
1,38,37,40,37,0,1,"|||||||0|0||0|0|||0|||0|0|0|0|0|0|||","","16777215:0:1:1:"
1,40,38,41,38,0,1,"|||||||0|0||0|0|||0|||0|0|0|0|0|0|||","","16777215:0:1:1:"
1,42,39,43,40,0,1,"|||||||0|0||0|0|||0|||0|0|0|0|0|0|||","","16777215:0:1:1:"
1,23,5,26,5,0,1,"|||||||0|0||0|0|||0|||0|0|0|0|0|0|||","","8421504:0:1:1:"
1,27,5,28,6,0,1,"|||||||0|0||0|0|||0|||0|0|0|0|0|0|||","","8421504:0:1:1:"
1,29,6,30,7,0,1,"|||||||0|0||0|0|||0|||0|0|0|0|0|0|||","","8421504:0:1:1:"
1,21,7,22,6,0,1,"|||||||0|0||0|0|||0|||0|0|0|0|0|0|||","","8421504:0:1:1:"
1,34,8,36,6,0,1,"|||||||0|0||0|0|||0|||0|0|0|0|0|0|||","","8421504:0:1:1:"
1,31,9,33,7,0,1,"|||||||0|0||0|0|||0|||0|0|0|0|0|0|||","","8421504:0:1:1:"
1,35,9,37,7,0,1,"|||||||0|0||0|0|||0|||0|0|0|0|0|0|||","","8421504:0:1:1:"
1,38,9,39,8,0,1,"|||||||0|0||0|0|||0|||0|0|0|0|0|0|||","","8421504:0:1:1:"
1,21,10,23,12,0,1,"|||||||0|0||0|0|||0|||0|0|0|0|0|0|||","","8421504:0:1:1:"
1,32,10,33,11,0,1,"|||||||0|0||0|0|||0|||0|0|0|0|0|0|||","","8421504:0:1:1:"
1,36,10,37,10,0,1,"|||||||0|0||0|0|||0|||0|0|0|0|0|0|||","","8421504:0:1:1:"
1,26,12,26,13,0,1,"|||||||0|0||0|0|||0|||0|0|0|0|0|0|||","","8421504:0:1:1:"
1,28,12,30,14,0,1,"|||||||0|0||0|0|||0|||0|0|0|0|0|0|||","","8421504:0:1:1:"
1,30,12,31,11,0,1,"|||||||0|0||0|0|||0|||0|0|0|0|0|0|||","","8421504:0:1:1:"
1,34,12,34,13,0,1,"|||||||0|0||0|0|||0|||0|0|0|0|0|0|||","","8421504:0:1:1:"
1,35,12,36,12,0,1,"|||||||0|0||0|0|||0|||0|0|0|0|0|0|||","","8421504:0:1:1:"
1,25,13,28,13,0,1,"|||||||0|0||0|0|||0|||0|0|0|0|0|0|||","","8421504:0:1:1:"
1,27,13,27,14,0,1,"|||||||0|0||0|0|||0|||0|0|0|0|0|0|||","","8421504:0:1:1:"
1,31,13,32,13,0,1,"|||||||0|0||0|0|||0|||0|0|0|0|0|0|||","","8421504:0:1:1:"
1,27,14,28,15,0,1,"|||||||0|0||0|0|||0|||0|0|0|0|0|0|||","","8421504:0:1:1:"
1,34,15,35,14,0,1,"|||||||0|0||0|0|||0|||0|0|0|0|0|0|||","","8421504:0:1:1:"
1,30,17,33,14,0,1,"|||||||0|0||0|0|||0|||0|0|0|0|0|0|||","","8421504:0:1:1:"
1,6,3,43,3,0,1,"|||||||0|0||0|0|||0|||0|0|0|0|0|0|||","","65535:0:1:1:"
1,5,4,7,4,0,1,"|||||||0|0||0|0|||0|||0|0|0|0|0|0|||","","65535:0:1:1:"
1,42,4,44,4,0,1,"|||||||0|0||0|0|||0|||0|0|0|0|0|0|||","","65535:0:1:1:"
1,4,5,6,5,0,1,"|||||||0|0||0|0|||0|||0|0|0|0|0|0|||","","65535:0:1:1:"
1,43,5,45,5,0,1,"|||||||0|0||0|0|||0|||0|0|0|0|0|0|||","","65535:0:1:1:"
1,3,6,5,6,0,1,"|||||||0|0||0|0|||0|||0|0|0|0|0|0|||","","65535:0:1:1:"
1,44,6,46,6,0,1,"|||||||0|0||0|0|||0|||0|0|0|0|0|0|||","","65535:0:1:1:"
1,3,7,4,7,0,1,"|||||||0|0||0|0|||0|||0|0|0|0|0|0|||","","65535:0:1:1:"
1,45,7,46,7,0,1,"|||||||0|0||0|0|||0|||0|0|0|0|0|0|||","","65535:0:1:1:"
1,3,8,3,12,0,1,"|||||||0|0||0|0|||0|||0|0|0|0|0|0|||","","65535:0:1:1:"
1,46,8,46,12,0,1,"|||||||0|0||0|0|||0|||0|0|0|0|0|0|||","","65535:0:1:1:"
1,4,11,4,14,0,1,"|||||||0|0||0|0|||0|||0|0|0|0|0|0|||","","65535:0:1:1:"
1,45,11,45,14,0,1,"|||||||0|0||0|0|||0|||0|0|0|0|0|0|||","","65535:0:1:1:"
1,5,14,5,17,0,1,"|||||||0|0||0|0|||0|||0|0|0|0|0|0|||","","65535:0:1:1:"
1,44,14,44,17,0,1,"|||||||0|0||0|0|||0|||0|0|0|0|0|0|||","","65535:0:1:1:"
1,6,16,6,20,0,1,"|||||||0|0||0|0|||0|||0|0|0|0|0|0|||","","65535:0:1:1:"
1,43,16,43,20,0,1,"|||||||0|0||0|0|||0|||0|0|0|0|0|0|||","","65535:0:1:1:"
1,7,19,7,28,0,1,"|||||||0|0||0|0|||0|||0|0|0|0|0|0|||","","65535:0:1:1:"
1,42,19,42,28,0,1,"|||||||0|0||0|0|||0|||0|0|0|0|0|0|||","","65535:0:1:1:"
1,8,23,8,24,0,1,"|||||||0|0||0|0|||0|||0|0|0|0|0|0|||","","65535:0:1:1:"
1,41,23,41,24,0,1,"|||||||0|0||0|0|||0|||0|0|0|0|0|0|||","","65535:0:1:1:"
1,6,26,6,31,0,1,"|||||||0|0||0|0|||0|||0|0|0|0|0|0|||","","65535:0:1:1:"
1,43,26,43,31,0,1,"|||||||0|0||0|0|||0|||0|0|0|0|0|0|||","","65535:0:1:1:"
1,5,30,5,34,0,1,"|||||||0|0||0|0|||0|||0|0|0|0|0|0|||","","65535:0:1:1:"
1,44,30,44,34,0,1,"|||||||0|0||0|0|||0|||0|0|0|0|0|0|||","","65535:0:1:1:"
1,4,33,4,39,0,1,"|||||||0|0||0|0|||0|||0|0|0|0|0|0|||","","65535:0:1:1:"
1,45,33,45,39,0,1,"|||||||0|0||0|0|||0|||0|0|0|0|0|0|||","","65535:0:1:1:"
1,5,39,5,40,0,1,"|||||||0|0||0|0|||0|||0|0|0|0|0|0|||","","65535:0:1:1:"
1,44,39,44,40,0,1,"|||||||0|0||0|0|||0|||0|0|0|0|0|0|||","","65535:0:1:1:"
1,5,41,6,41,0,1,"|||||||0|0||0|0|||0|||0|0|0|0|0|0|||","","65535:0:1:1:"
1,43,41,44,41,0,1,"|||||||0|0||0|0|||0|||0|0|0|0|0|0|||","","65535:0:1:1:"
1,6,42,9,42,0,1,"|||||||0|0||0|0|||0|||0|0|0|0|0|0|||","","65535:0:1:1:"
1,40,42,43,42,0,1,"|||||||0|0||0|0|||0|||0|0|0|0|0|0|||","","65535:0:1:1:"
1,9,43,12,43,0,1,"|||||||0|0||0|0|||0|||0|0|0|0|0|0|||","","65535:0:1:1:"
1,37,43,40,43,0,1,"|||||||0|0||0|0|||0|||0|0|0|0|0|0|||","","65535:0:1:1:"
1,12,44,15,44,0,1,"|||||||0|0||0|0|||0|||0|0|0|0|0|0|||","","65535:0:1:1:"
1,34,44,38,44,0,1,"|||||||0|0||0|0|||0|||0|0|0|0|0|0|||","","65535:0:1:1:"
1,15,45,19,45,0,1,"|||||||0|0||0|0|||0|||0|0|0|0|0|0|||","","65535:0:1:1:"
1,30,45,34,45,0,1,"|||||||0|0||0|0|||0|||0|0|0|0|0|0|||","","65535:0:1:1:"
1,19,46,22,46,0,1,"|||||||0|0||0|0|||0|||0|0|0|0|0|0|||","","65535:0:1:1:"
1,27,46,30,46,0,1,"|||||||0|0||0|0|||0|||0|0|0|0|0|0|||","","65535:0:1:1:"
1,22,47,23,47,0,1,"|||||||0|0||0|0|||0|||0|0|0|0|0|0|||","","65535:0:1:1:"
1,26,47,27,47,0,1,"|||||||0|0||0|0|||0|||0|0|0|0|0|0|||","","65535:0:1:1:"
1,24,48,25,48,0,1,"|||||||0|0||0|0|||0|||0|0|0|0|0|0|||","","65535:0:1:1:"
1,23,6,27,6,0,1,"|||||||0|0||0|0|||0|||0|0|0|0|0|0|||","","55295:0:1:1:"
1,40,6,40,7,0,1,"|||||||0|0||0|0|||0|||0|0|0|0|0|0|||","","55295:0:1:1:"
1,22,7,29,7,0,1,"|||||||0|0||0|0|||0|||0|0|0|0|0|0|||","","55295:0:1:1:"
1,38,7,39,7,0,1,"|||||||0|0||0|0|||0|||0|0|0|0|0|0|||","","55295:0:1:1:"
1,21,8,31,8,0,1,"|||||||0|0||0|0|||0|||0|0|0|0|0|0|||","","55295:0:1:1:"
1,37,8,38,8,0,1,"|||||||0|0||0|0|||0|||0|0|0|0|0|0|||","","55295:0:1:1:"
1,21,9,30,9,0,1,"|||||||0|0||0|0|||0|||0|0|0|0|0|0|||","","55295:0:1:1:"
1,33,9,33,10,0,1,"|||||||0|0||0|0|||0|||0|0|0|0|0|0|||","","55295:0:1:1:"
1,34,9,36,7,0,1,"|||||||0|0||0|0|||0|||0|0|0|0|0|0|||","","55295:0:1:1:"
1,36,9,37,9,0,1,"|||||||0|0||0|0|||0|||0|0|0|0|0|0|||","","55295:0:1:1:"
1,39,9,40,9,0,1,"|||||||0|0||0|0|||0|||0|0|0|0|0|0|||","","55295:0:1:1:"
1,22,10,30,10,0,1,"|||||||0|0||0|0|||0|||0|0|0|0|0|0|||","","55295:0:1:1:"
1,34,10,35,10,0,1,"|||||||0|0||0|0|||0|||0|0|0|0|0|0|||","","55295:0:1:1:"
1,23,11,29,11,0,1,"|||||||0|0||0|0|||0|||0|0|0|0|0|0|||","","55295:0:1:1:"
1,34,11,39,11,0,1,"|||||||0|0||0|0|||0|||0|0|0|0|0|0|||","","55295:0:1:1:"
1,24,12,25,12,0,1,"|||||||0|0||0|0|||0|||0|0|0|0|0|0|||","","55295:0:1:1:"
1,27,12,27,11,0,1,"|||||||0|0||0|0|||0|||0|0|0|0|0|0|||","","55295:0:1:1:"
1,29,12,34,7,0,1,"|||||||0|0||0|0|||0|||0|0|0|0|0|0|||","","55295:0:1:1:"
1,31,12,32,11,0,1,"|||||||0|0||0|0|||0|||0|0|0|0|0|0|||","","55295:0:1:1:"
1,32,12,33,12,0,1,"|||||||0|0||0|0|||0|||0|0|0|0|0|0|||","","55295:0:1:1:"
1,30,13,31,14,0,1,"|||||||0|0||0|0|||0|||0|0|0|0|0|0|||","","55295:0:1:1:"
1,36,13,37,13,0,1,"|||||||0|0||0|0|||0|||0|0|0|0|0|0|||","","55295:0:1:1:"
1,28,14,29,14,0,1,"|||||||0|0||0|0|||0|||0|0|0|0|0|0|||","","55295:0:1:1:"
1,34,14,35,15,0,1,"|||||||0|0||0|0|||0|||0|0|0|0|0|0|||","","55295:0:1:1:"
1,29,15,30,15,0,1,"|||||||0|0||0|0|||0|||0|0|0|0|0|0|||","","55295:0:1:1:"
1,33,15,35,13,0,1,"|||||||0|0||0|0|||0|||0|0|0|0|0|0|||","","55295:0:1:1:"
1,29,16,30,16,0,1,"|||||||0|0||0|0|||0|||0|0|0|0|0|0|||","","55295:0:1:1:"
1,29,17,33,13,0,1,"|||||||0|0||0|0|||0|||0|0|0|0|0|0|||","","55295:0:1:1:"
1,12,4,41,4,0,1,"|||||||0|0||0|0|||0|||0|0|0|0|0|0|||","","13434880:0:1:1:"
1,13,5,22,5,0,1,"|||||||0|0||0|0|||0|||0|0|0|0|0|0|||","","13434880:0:1:1:"
1,28,5,42,5,0,1,"|||||||0|0||0|0|||0|||0|0|0|0|0|0|||","","13434880:0:1:1:"
1,14,6,21,6,0,1,"|||||||0|0||0|0|||0|||0|0|0|0|0|0|||","","13434880:0:1:1:"
1,30,6,35,6,0,1,"|||||||0|0||0|0|||0|||0|0|0|0|0|0|||","","13434880:0:1:1:"
1,37,6,39,6,0,1,"|||||||0|0||0|0|||0|||0|0|0|0|0|0|||","","13434880:0:1:1:"
1,41,6,43,6,0,1,"|||||||0|0||0|0|||0|||0|0|0|0|0|0|||","","13434880:0:1:1:"
1,15,7,20,7,0,1,"|||||||0|0||0|0|||0|||0|0|0|0|0|0|||","","13434880:0:1:1:"
1,31,7,32,7,0,1,"|||||||0|0||0|0|||0|||0|0|0|0|0|0|||","","13434880:0:1:1:"
1,41,7,44,7,0,1,"|||||||0|0||0|0|||0|||0|0|0|0|0|0|||","","13434880:0:1:1:"
1,16,8,20,8,0,1,"|||||||0|0||0|0|||0|||0|0|0|0|0|0|||","","13434880:0:1:1:"
1,40,8,45,8,0,1,"|||||||0|0||0|0|||0|||0|0|0|0|0|0|||","","13434880:0:1:1:"
1,17,9,20,9,0,1,"|||||||0|0||0|0|||0|||0|0|0|0|0|0|||","","13434880:0:1:1:"
1,41,9,45,9,0,1,"|||||||0|0||0|0|||0|||0|0|0|0|0|0|||","","13434880:0:1:1:"
1,18,10,20,10,0,1,"|||||||0|0||0|0|||0|||0|0|0|0|0|0|||","","13434880:0:1:1:"
1,38,10,45,10,0,1,"|||||||0|0||0|0|||0|||0|0|0|0|0|0|||","","13434880:0:1:1:"
1,19,11,21,11,0,1,"|||||||0|0||0|0|||0|||0|0|0|0|0|0|||","","13434880:0:1:1:"
1,40,11,44,11,0,1,"|||||||0|0||0|0|||0|||0|0|0|0|0|0|||","","13434880:0:1:1:"
1,20,12,22,12,0,1,"|||||||0|0||0|0|||0|||0|0|0|0|0|0|||","","13434880:0:1:1:"
1,37,12,44,12,0,1,"|||||||0|0||0|0|||0|||0|0|0|0|0|0|||","","13434880:0:1:1:"
1,21,13,24,13,0,1,"|||||||0|0||0|0|||0|||0|0|0|0|0|0|||","","13434880:0:1:1:"
1,38,13,44,13,0,1,"|||||||0|0||0|0|||0|||0|0|0|0|0|0|||","","13434880:0:1:1:"
1,22,14,26,14,0,1,"|||||||0|0||0|0|||0|||0|0|0|0|0|0|||","","13434880:0:1:1:"
1,36,14,43,14,0,1,"|||||||0|0||0|0|||0|||0|0|0|0|0|0|||","","13434880:0:1:1:"
1,23,15,27,15,0,1,"|||||||0|0||0|0|||0|||0|0|0|0|0|0|||","","13434880:0:1:1:"
1,36,15,43,15,0,1,"|||||||0|0||0|0|||0|||0|0|0|0|0|0|||","","13434880:0:1:1:"
1,24,16,28,16,0,1,"|||||||0|0||0|0|||0|||0|0|0|0|0|0|||","","13434880:0:1:1:"
1,32,16,42,16,0,1,"|||||||0|0||0|0|||0|||0|0|0|0|0|0|||","","13434880:0:1:1:"
1,25,17,28,17,0,1,"|||||||0|0||0|0|||0|||0|0|0|0|0|0|||","","13434880:0:1:1:"
1,31,17,42,17,0,1,"|||||||0|0||0|0|||0|||0|0|0|0|0|0|||","","13434880:0:1:1:"
1,24,18,42,18,0,1,"|||||||0|0||0|0|||0|||0|0|0|0|0|0|||","","13434880:0:1:1:"
1,25,19,41,19,0,1,"|||||||0|0||0|0|||0|||0|0|0|0|0|0|||","","13434880:0:1:1:"
1,26,20,41,20,0,1,"|||||||0|0||0|0|||0|||0|0|0|0|0|0|||","","13434880:0:1:1:"
1,27,21,41,21,0,1,"|||||||0|0||0|0|||0|||0|0|0|0|0|0|||","","13434880:0:1:1:"
1,28,22,41,22,0,1,"|||||||0|0||0|0|||0|||0|0|0|0|0|0|||","","13434880:0:1:1:"
1,29,23,40,23,0,1,"|||||||0|0||0|0|||0|||0|0|0|0|0|0|||","","13434880:0:1:1:"
1,30,24,40,24,0,1,"|||||||0|0||0|0|||0|||0|0|0|0|0|0|||","","13434880:0:1:1:"
1,31,25,41,25,0,1,"|||||||0|0||0|0|||0|||0|0|0|0|0|0|||","","13434880:0:1:1:"
1,32,26,41,26,0,1,"|||||||0|0||0|0|||0|||0|0|0|0|0|0|||","","13434880:0:1:1:"
1,33,27,41,27,0,1,"|||||||0|0||0|0|||0|||0|0|0|0|0|0|||","","13434880:0:1:1:"
1,34,28,41,28,0,1,"|||||||0|0||0|0|||0|||0|0|0|0|0|0|||","","13434880:0:1:1:"
1,33,29,42,29,0,1,"|||||||0|0||0|0|||0|||0|0|0|0|0|0|||","","13434880:0:1:1:"
1,34,30,42,30,0,1,"|||||||0|0||0|0|||0|||0|0|0|0|0|0|||","","13434880:0:1:1:"
1,35,31,42,31,0,1,"|||||||0|0||0|0|||0|||0|0|0|0|0|0|||","","13434880:0:1:1:"
1,36,32,43,32,0,1,"|||||||0|0||0|0|||0|||0|0|0|0|0|0|||","","13434880:0:1:1:"
1,37,33,43,33,0,1,"|||||||0|0||0|0|||0|||0|0|0|0|0|0|||","","13434880:0:1:1:"
1,38,34,43,34,0,1,"|||||||0|0||0|0|||0|||0|0|0|0|0|0|||","","13434880:0:1:1:"
1,39,35,44,35,0,1,"|||||||0|0||0|0|||0|||0|0|0|0|0|0|||","","13434880:0:1:1:"
1,40,36,44,36,0,1,"|||||||0|0||0|0|||0|||0|0|0|0|0|0|||","","13434880:0:1:1:"
1,41,37,44,37,0,1,"|||||||0|0||0|0|||0|||0|0|0|0|0|0|||","","13434880:0:1:1:"
1,42,38,43,38,0,1,"|||||||0|0||0|0|||0|||0|0|0|0|0|0|||","","13434880:0:1:1:"
1,43,39,44,38,0,1,"|||||||0|0||0|0|||0|||0|0|0|0|0|0|||","","13434880:0:1:1:"
1,4,8,4,10,0,1,"|||||||0|0||0|0|||0|||0|0|0|0|0|0|||","","15391129:0:1:1:"
1,5,9,5,13,0,1,"|||||||0|0||0|0|||0|||0|0|0|0|0|0|||","","15391129:0:1:1:"
1,6,9,6,15,0,1,"|||||||0|0||0|0|||0|||0|0|0|0|0|0|||","","15391129:0:1:1:"
1,7,10,7,18,0,1,"|||||||0|0||0|0|||0|||0|0|0|0|0|0|||","","15391129:0:1:1:"
1,8,11,8,22,0,1,"|||||||0|0||0|0|||0|||0|0|0|0|0|0|||","","15391129:0:1:1:"
1,9,11,9,41,0,1,"|||||||0|0||0|0|||0|||0|0|0|0|0|0|||","","15391129:0:1:1:"
1,10,12,10,28,0,1,"|||||||0|0||0|0|||0|||0|0|0|0|0|0|||","","15391129:0:1:1:"
1,11,12,11,22,0,1,"|||||||0|0||0|0|||0|||0|0|0|0|0|0|||","","15391129:0:1:1:"
1,12,13,12,21,0,1,"|||||||0|0||0|0|||0|||0|0|0|0|0|0|||","","15391129:0:1:1:"
1,13,13,13,17,0,1,"|||||||0|0||0|0|||0|||0|0|0|0|0|0|||","","15391129:0:1:1:"
1,14,14,14,17,0,1,"|||||||0|0||0|0|||0|||0|0|0|0|0|0|||","","15391129:0:1:1:"
1,15,15,15,17,0,1,"|||||||0|0||0|0|||0|||0|0|0|0|0|0|||","","15391129:0:1:1:"
1,16,15,16,17,0,1,"|||||||0|0||0|0|||0|||0|0|0|0|0|0|||","","15391129:0:1:1:"
1,17,16,18,16,0,1,"|||||||0|0||0|0|||0|||0|0|0|0|0|0|||","","15391129:0:1:1:"
1,17,17,20,17,0,1,"|||||||0|0||0|0|||0|||0|0|0|0|0|0|||","","15391129:0:1:1:"
1,13,19,13,22,0,1,"|||||||0|0||0|0|||0|||0|0|0|0|0|0|||","","15391129:0:1:1:"
1,14,19,14,23,0,1,"|||||||0|0||0|0|||0|||0|0|0|0|0|0|||","","15391129:0:1:1:"
1,15,20,15,27,0,1,"|||||||0|0||0|0|||0|||0|0|0|0|0|0|||","","15391129:0:1:1:"
1,16,20,16,23,0,1,"|||||||0|0||0|0|||0|||0|0|0|0|0|0|||","","15391129:0:1:1:"
1,17,21,17,23,0,1,"|||||||0|0||0|0|||0|||0|0|0|0|0|0|||","","15391129:0:1:1:"
1,18,22,18,24,0,1,"|||||||0|0||0|0|||0|||0|0|0|0|0|0|||","","15391129:0:1:1:"
1,19,22,19,32,0,1,"|||||||0|0||0|0|||0|||0|0|0|0|0|0|||","","15391129:0:1:1:"
1,20,23,20,29,0,1,"|||||||0|0||0|0|||0|||0|0|0|0|0|0|||","","15391129:0:1:1:"
1,21,23,21,28,0,1,"|||||||0|0||0|0|||0|||0|0|0|0|0|0|||","","15391129:0:1:1:"
1,22,24,22,29,0,1,"|||||||0|0||0|0|||0|||0|0|0|0|0|0|||","","15391129:0:1:1:"
1,23,24,23,31,0,1,"|||||||0|0||0|0|||0|||0|0|0|0|0|0|||","","15391129:0:1:1:"
1,8,25,8,41,0,1,"|||||||0|0||0|0|||0|||0|0|0|0|0|0|||","","15391129:0:1:1:"
1,11,25,11,27,0,1,"|||||||0|0||0|0|||0|||0|0|0|0|0|0|||","","15391129:0:1:1:"
1,24,25,24,31,0,1,"|||||||0|0||0|0|||0|||0|0|0|0|0|0|||","","15391129:0:1:1:"
1,12,26,12,27,0,1,"|||||||0|0||0|0|||0|||0|0|0|0|0|0|||","","15391129:0:1:1:"
1,25,26,26,26,0,1,"|||||||0|0||0|0|||0|||0|0|0|0|0|0|||","","15391129:0:1:1:"
1,13,27,13,28,0,1,"|||||||0|0||0|0|||0|||0|0|0|0|0|0|||","","15391129:0:1:1:"
1,16,27,16,29,0,1,"|||||||0|0||0|0|||0|||0|0|0|0|0|0|||","","15391129:0:1:1:"
1,25,27,28,27,0,1,"|||||||0|0||0|0|||0|||0|0|0|0|0|0|||","","15391129:0:1:1:"
1,18,28,18,31,0,1,"|||||||0|0||0|0|||0|||0|0|0|0|0|0|||","","15391129:0:1:1:"
1,25,28,30,28,0,1,"|||||||0|0||0|0|||0|||0|0|0|0|0|0|||","","15391129:0:1:1:"
1,7,29,7,41,0,1,"|||||||0|0||0|0|||0|||0|0|0|0|0|0|||","","15391129:0:1:1:"
1,10,30,11,30,0,1,"|||||||0|0||0|0|||0|||0|0|0|0|0|0|||","","15391129:0:1:1:"
1,13,30,14,30,0,1,"|||||||0|0||0|0|||0|||0|0|0|0|0|0|||","","15391129:0:1:1:"
1,25,30,26,30,0,1,"|||||||0|0||0|0|||0|||0|0|0|0|0|0|||","","15391129:0:1:1:"
1,10,31,11,30,0,1,"|||||||0|0||0|0|||0|||0|0|0|0|0|0|||","","15391129:0:1:1:"
1,15,31,15,34,0,1,"|||||||0|0||0|0|||0|||0|0|0|0|0|0|||","","15391129:0:1:1:"
1,25,31,27,31,0,1,"|||||||0|0||0|0|||0|||0|0|0|0|0|0|||","","15391129:0:1:1:"
1,6,32,6,40,0,1,"|||||||0|0||0|0|||0|||0|0|0|0|0|0|||","","15391129:0:1:1:"
1,14,32,14,34,0,1,"|||||||0|0||0|0|||0|||0|0|0|0|0|0|||","","15391129:0:1:1:"
1,16,32,16,34,0,1,"|||||||0|0||0|0|||0|||0|0|0|0|0|0|||","","15391129:0:1:1:"
1,22,32,24,32,0,1,"|||||||0|0||0|0|||0|||0|0|0|0|0|0|||","","15391129:0:1:1:"
1,26,32,29,32,0,1,"|||||||0|0||0|0|||0|||0|0|0|0|0|0|||","","15391129:0:1:1:"
1,10,33,10,37,0,1,"|||||||0|0||0|0|||0|||0|0|0|0|0|0|||","","15391129:0:1:1:"
1,13,33,13,34,0,1,"|||||||0|0||0|0|||0|||0|0|0|0|0|0|||","","15391129:0:1:1:"
1,17,33,17,34,0,1,"|||||||0|0||0|0|||0|||0|0|0|0|0|0|||","","15391129:0:1:1:"
1,21,33,23,33,0,1,"|||||||0|0||0|0|||0|||0|0|0|0|0|0|||","","15391129:0:1:1:"
1,27,33,31,33,0,1,"|||||||0|0||0|0|||0|||0|0|0|0|0|0|||","","15391129:0:1:1:"
1,11,34,11,37,0,1,"|||||||0|0||0|0|||0|||0|0|0|0|0|0|||","","15391129:0:1:1:"
1,12,34,12,35,0,1,"|||||||0|0||0|0|||0|||0|0|0|0|0|0|||","","15391129:0:1:1:"
1,20,34,23,34,0,1,"|||||||0|0||0|0|||0|||0|0|0|0|0|0|||","","15391129:0:1:1:"
1,30,34,32,34,0,1,"|||||||0|0||0|0|||0|||0|0|0|0|0|0|||","","15391129:0:1:1:"
1,5,35,5,38,0,1,"|||||||0|0||0|0|||0|||0|0|0|0|0|0|||","","15391129:0:1:1:"
1,22,35,23,35,0,1,"|||||||0|0||0|0|||0|||0|0|0|0|0|0|||","","15391129:0:1:1:"
1,30,35,34,35,0,1,"|||||||0|0||0|0|||0|||0|0|0|0|0|0|||","","15391129:0:1:1:"
1,17,36,19,36,0,1,"|||||||0|0||0|0|||0|||0|0|0|0|0|0|||","","15391129:0:1:1:"
1,24,36,23,35,0,1,"|||||||0|0||0|0|||0|||0|0|0|0|0|0|||","","15391129:0:1:1:"
1,29,36,36,36,0,1,"|||||||0|0||0|0|||0|||0|0|0|0|0|0|||","","15391129:0:1:1:"
1,16,37,22,37,0,1,"|||||||0|0||0|0|||0|||0|0|0|0|0|0|||","","15391129:0:1:1:"
1,27,37,37,37,0,1,"|||||||0|0||0|0|||0|||0|0|0|0|0|0|||","","15391129:0:1:1:"
1,10,38,24,38,0,1,"|||||||0|0||0|0|||0|||0|0|0|0|0|0|||","","15391129:0:1:1:"
1,28,38,39,38,0,1,"|||||||0|0||0|0|||0|||0|0|0|0|0|0|||","","15391129:0:1:1:"
1,10,39,17,39,0,1,"|||||||0|0||0|0|||0|||0|0|0|0|0|0|||","","15391129:0:1:1:"
1,22,39,23,39,0,1,"|||||||0|0||0|0|||0|||0|0|0|0|0|0|||","","15391129:0:1:1:"
1,29,39,41,39,0,1,"|||||||0|0||0|0|||0|||0|0|0|0|0|0|||","","15391129:0:1:1:"
1,10,40,16,40,0,1,"|||||||0|0||0|0|||0|||0|0|0|0|0|0|||","","15391129:0:1:1:"
1,24,40,26,40,0,1,"|||||||0|0||0|0|||0|||0|0|0|0|0|0|||","","15391129:0:1:1:"
1,30,40,42,40,0,1,"|||||||0|0||0|0|||0|||0|0|0|0|0|0|||","","15391129:0:1:1:"
1,10,41,17,41,0,1,"|||||||0|0||0|0|||0|||0|0|0|0|0|0|||","","15391129:0:1:1:"
1,22,41,27,41,0,1,"|||||||0|0||0|0|||0|||0|0|0|0|0|0|||","","15391129:0:1:1:"
1,31,41,42,41,0,1,"|||||||0|0||0|0|||0|||0|0|0|0|0|0|||","","15391129:0:1:1:"
1,10,42,29,42,0,1,"|||||||0|0||0|0|||0|||0|0|0|0|0|0|||","","15391129:0:1:1:"
1,31,42,39,42,0,1,"|||||||0|0||0|0|||0|||0|0|0|0|0|0|||","","15391129:0:1:1:"
1,13,43,36,43,0,1,"|||||||0|0||0|0|||0|||0|0|0|0|0|0|||","","15391129:0:1:1:"
1,16,44,33,44,0,1,"|||||||0|0||0|0|||0|||0|0|0|0|0|0|||","","15391129:0:1:1:"
1,20,45,29,45,0,1,"|||||||0|0||0|0|||0|||0|0|0|0|0|0|||","","15391129:0:1:1:"
1,23,46,26,46,0,1,"|||||||0|0||0|0|||0|||0|0|0|0|0|0|||","","15391129:0:1:1:"
1,24,47,25,47,0,1,"|||||||0|0||0|0|||0|||0|0|0|0|0|0|||","","15391129:0:1:1:"
1,11,24,12,25,0,1,"|||||||0|0||0|0|||0|||0|0|0|0|0|0|||","","3967259:0:1:1:"
1,14,27,15,28,0,1,"|||||||0|0||0|0|||0|||0|0|0|0|0|0|||","","3967259:0:1:1:"
1,17,28,17,29,0,1,"|||||||0|0||0|0|||0|||0|0|0|0|0|0|||","","3967259:0:1:1:"
1,21,29,22,30,0,1,"|||||||0|0||0|0|||0|||0|0|0|0|0|0|||","","3967259:0:1:1:"
1,20,31,20,32,0,1,"|||||||0|0||0|0|||0|||0|0|0|0|0|0|||","","3967259:0:1:1:"
1,10,32,11,33,0,1,"|||||||0|0||0|0|||0|||0|0|0|0|0|0|||","","3967259:0:1:1:"
1,13,32,14,31,0,1,"|||||||0|0||0|0|||0|||0|0|0|0|0|0|||","","3967259:0:1:1:"
1,19,33,20,32,0,1,"|||||||0|0||0|0|||0|||0|0|0|0|0|0|||","","3967259:0:1:1:"
1,17,35,18,35,0,1,"|||||||0|0||0|0|||0|||0|0|0|0|0|0|||","","3967259:0:1:1:"
1,26,35,27,34,0,1,"|||||||0|0||0|0|||0|||0|0|0|0|0|0|||","","3967259:0:1:1:"
1,25,36,25,37,0,1,"|||||||0|0||0|0|||0|||0|0|0|0|0|0|||","","3967259:0:1:1:"
1,15,37,16,36,0,1,"|||||||0|0||0|0|||0|||0|0|0|0|0|0|||","","3967259:0:1:1:"
1,23,37,24,37,0,1,"|||||||0|0||0|0|||0|||0|0|0|0|0|0|||","","3967259:0:1:1:"
1,26,39,28,41,0,1,"|||||||0|0||0|0|||0|||0|0|0|0|0|0|||","","3967259:0:1:1:"
1,11,23,12,22,0,1,"|||||||0|0||0|0|||0|||0|0|0|0|0|0|||","","5026082:0:1:1:"
1,12,23,13,23,0,1,"|||||||0|0||0|0|||0|||0|0|0|0|0|0|||","","5026082:0:1:1:"
1,12,24,14,24,0,1,"|||||||0|0||0|0|||0|||0|0|0|0|0|0|||","","5026082:0:1:1:"
1,16,24,16,26,0,1,"|||||||0|0||0|0|||0|||0|0|0|0|0|0|||","","5026082:0:1:1:"
1,17,24,17,27,0,1,"|||||||0|0||0|0|||0|||0|0|0|0|0|0|||","","5026082:0:1:1:"
1,13,25,14,25,0,1,"|||||||0|0||0|0|||0|||0|0|0|0|0|0|||","","5026082:0:1:1:"
1,18,25,18,27,0,1,"|||||||0|0||0|0|||0|||0|0|0|0|0|0|||","","5026082:0:1:1:"
1,13,26,14,26,0,1,"|||||||0|0||0|0|||0|||0|0|0|0|0|0|||","","5026082:0:1:1:"
1,11,28,12,28,0,1,"|||||||0|0||0|0|||0|||0|0|0|0|0|0|||","","5026082:0:1:1:"
1,14,28,14,29,0,1,"|||||||0|0||0|0|||0|||0|0|0|0|0|0|||","","5026082:0:1:1:"
1,10,29,14,29,0,1,"|||||||0|0||0|0|||0|||0|0|0|0|0|0|||","","5026082:0:1:1:"
1,15,29,15,30,0,1,"|||||||0|0||0|0|||0|||0|0|0|0|0|0|||","","5026082:0:1:1:"
1,12,30,12,32,0,1,"|||||||0|0||0|0|||0|||0|0|0|0|0|0|||","","5026082:0:1:1:"
1,16,30,16,31,0,1,"|||||||0|0||0|0|||0|||0|0|0|0|0|0|||","","5026082:0:1:1:"
1,17,30,17,32,0,1,"|||||||0|0||0|0|||0|||0|0|0|0|0|0|||","","5026082:0:1:1:"
1,20,30,21,30,0,1,"|||||||0|0||0|0|||0|||0|0|0|0|0|0|||","","5026082:0:1:1:"
1,11,31,13,31,0,1,"|||||||0|0||0|0|||0|||0|0|0|0|0|0|||","","5026082:0:1:1:"
1,21,31,22,31,0,1,"|||||||0|0||0|0|||0|||0|0|0|0|0|0|||","","5026082:0:1:1:"
1,11,32,12,32,0,1,"|||||||0|0||0|0|||0|||0|0|0|0|0|0|||","","5026082:0:1:1:"
1,18,32,18,34,0,1,"|||||||0|0||0|0|||0|||0|0|0|0|0|0|||","","5026082:0:1:1:"
1,25,32,25,35,0,1,"|||||||0|0||0|0|||0|||0|0|0|0|0|0|||","","5026082:0:1:1:"
1,24,33,24,35,0,1,"|||||||0|0||0|0|||0|||0|0|0|0|0|0|||","","5026082:0:1:1:"
1,26,33,26,35,0,1,"|||||||0|0||0|0|||0|||0|0|0|0|0|0|||","","5026082:0:1:1:"
1,19,34,21,32,0,1,"|||||||0|0||0|0|||0|||0|0|0|0|0|0|||","","5026082:0:1:1:"
1,28,34,28,36,0,1,"|||||||0|0||0|0|||0|||0|0|0|0|0|0|||","","5026082:0:1:1:"
1,29,34,29,35,0,1,"|||||||0|0||0|0|||0|||0|0|0|0|0|0|||","","5026082:0:1:1:"
1,13,35,16,35,0,1,"|||||||0|0||0|0|||0|||0|0|0|0|0|0|||","","5026082:0:1:1:"
1,19,35,21,35,0,1,"|||||||0|0||0|0|||0|||0|0|0|0|0|0|||","","5026082:0:1:1:"
1,27,35,27,36,0,1,"|||||||0|0||0|0|||0|||0|0|0|0|0|0|||","","5026082:0:1:1:"
1,12,36,15,36,0,1,"|||||||0|0||0|0|||0|||0|0|0|0|0|0|||","","5026082:0:1:1:"
1,21,36,23,36,0,1,"|||||||0|0||0|0|||0|||0|0|0|0|0|0|||","","5026082:0:1:1:"
1,26,36,26,37,0,1,"|||||||0|0||0|0|||0|||0|0|0|0|0|0|||","","5026082:0:1:1:"
1,12,37,14,37,0,1,"|||||||0|0||0|0|||0|||0|0|0|0|0|0|||","","5026082:0:1:1:"
1,25,38,27,38,0,1,"|||||||0|0||0|0|||0|||0|0|0|0|0|0|||","","5026082:0:1:1:"
1,18,39,21,39,0,1,"|||||||0|0||0|0|||0|||0|0|0|0|0|0|||","","5026082:0:1:1:"
1,24,39,25,39,0,1,"|||||||0|0||0|0|||0|||0|0|0|0|0|0|||","","5026082:0:1:1:"
1,27,39,28,39,0,1,"|||||||0|0||0|0|||0|||0|0|0|0|0|0|||","","5026082:0:1:1:"
1,17,40,23,40,0,1,"|||||||0|0||0|0|||0|||0|0|0|0|0|0|||","","5026082:0:1:1:"
1,28,40,29,40,0,1,"|||||||0|0||0|0|||0|||0|0|0|0|0|0|||","","5026082:0:1:1:"
1,18,41,21,41,0,1,"|||||||0|0||0|0|||0|||0|0|0|0|0|0|||","","5026082:0:1:1:"
1,29,41,30,41,0,1,"|||||||0|0||0|0|||0|||0|0|0|0|0|0|||","","5026082:0:1:1:"
1,30,42,30,41,0,1,"|||||||0|0||0|0|||0|||0|0|0|0|0|0|||","","5026082:0:1:1:"
1,0,58,30,90,0,16,"|||||||0|0||0|0|||0|||0|0|0|0|0|0|||","G=1|Y=5|B=1950|C=6|O=0|R=1158|T=0","PAGE 1 MASTER RIBBON:"
1,364,53,364,750,0,1," |||||||0|0||0|0|||0|||0|0|1|0|0|0|||","","0:0:1:1:section divider"
1,1,53,363,750,0,2,"|||||||0|0||0|0|||0|||0|0|1|0|0|0|||","T=T|L=1:","16777184:0:0:1:WELL-CHILD FRAME"
1,45,63,325,93,0,16384,"|||||||0|0||0|0|||0|||0|0|1|0|0|0|||","F=Arial|O=64","Generate well-child encounter:"
1,12,100,345,120,191169,33562881,"|||||||19|210|YCN|0|0|X|X|0|||0|0|1|1|0||||","F=Arial|K=16777184|T=T","Reason for visit"
1,12,120,345,140,115033,8449,"R1|||||||19|80|YCN|0|0|X|X|0|||0|0|1|2|0||||","F=Arial|K=16777184|T=T","History of present illness~ ~Overall healthy, with no recent significant illnesses or events. No concerns today.~ ~Current diet is age-appropriate and nutritious, with no specific dietary restrictions. No voiding or stooling concerns. Age-appropriate restful sleep pattern. There are no developmental or behavioral concerns. ~ "
1,12,140,345,160,195087,8449,"R1|||||||19|80|YCN|0|0|X|X|0|||0|0|1|3|0||||","F=Arial|K=16777184|T=T","Medications~Reviewed and reconciled, including OTC/CAM meds~* No regular medication use~ "
1,12,160,345,180,122305,8449,"R1|||||||19|80|YCN|0|0|X|X|0|||0|0|1|4|0||||","F=Arial|K=16777184|T=T","Allergies~No known drug allergies or history of anaphylaxis.~Autocited allergies reviewed in AHLTA and updated as needed.~ "
1,12,180,345,200,112344,8449,"R1|||||||19|80|YCN|0|0|X|X|0|||0|0|1|5|0||||","F=Arial|K=16777184|T=T","Review of systems~A complete review of systems was performed and was negative, except as detailed above (minimum 10 systems).~ "
1,12,200,345,220,195089,8449,"R1|||||||19|80|YCN|0|0|X|X|0|||0|0|1|6|0||||","F=Arial|K=16777184|T=T","Immunizations~* Receiving all immunizations on schedule (reviewed with parent and/or EHR)~ "
1,12,220,345,240,120054,8449,"R1|||||||19|80|YCN|0|0|X|X|0|||0|0|1|7|0||||","F=Arial|K=16777184|T=T","Medical History~ ~* healthy~ "
1,12,240,345,260,3406,8449,"R1|||||||19|80|YCN|0|0|X|X|0|||0|0|1|8|0||||","F=Arial|K=16777184|T=T","Surgical History~ ~* denies ~ "
1,12,260,345,280,5098,8449,"R1|||||||19|80|YCN|0|0|X|X|0|||0|0|1|9|0||||","F=Arial|K=16777184|T=T","Family History~reviewed and non-contributory.~ "
1,12,280,345,300,122667,8449,"R1|||||||19|80|YCN|0|0|X|X|0|||0|0|1|10|0||||","F=Arial|K=16777184|T=T","Social History~ ~* intact family unit ~* smoke exposure: no~ "
1,12,300,345,320,6001,8449,"R1|||||||19|80|YCN|0|0|X|X|0|||0|0|1|11|0||||","F=Arial|K=16777184|T=T","Vital signs~Vital signs and growth reviewed."
1,12,320,345,340,9307,8449,"R1|||||||19|80|YCN|0|0|X|X|0|||0|0|1|12|0||||","F=Arial|K=16777184|T=T","General Appearance~Well-nourished, well-developed, in no acute distress."
1,12,340,345,360,6369,8449,"R1|||||||19|80|YCN|0|0|X|X|0|||0|0|1|13|0||||","F=Arial|K=16777184|T=T","Head~normocephalic, atraumatic."
1,12,360,345,380,6425,8449,"R1|||||||19|80|YCN|0|0|X|X|0|||0|0|1|14|0||||","F=Arial|K=16777184|T=T","Eyes~PERRL, EOMI. No conjunctival erythema, scleral icterus, or lid inflammation. Symmetric light reflex."
1,12,380,345,400,6675,8449,"R1|||||||19|80|YCN|0|0|X|X|0|||0|0|1|15|0||||","F=Arial|K=16777184|T=T","Ears~TMs pearly grey, with no bulging or erythema. Landmarks and light reflex visible and not distorted. External auditory canals are unremarkable."
1,12,400,345,420,6721,8449,"R1|||||||19|80|YCN|0|0|X|X|0|||0|0|1|16|0||||","F=Arial|K=16777184|T=T","Nose~Nasal mucosa appears normal, no drainage."
1,12,420,345,440,6751,8449,"R1|||||||19|80|YCN|0|0|X|X|0|||0|0|1|17|0||||","F=Arial|K=16777184|T=T","Mouth/Throat~Oropharynx is moist, no exudates or erythema. No tonsillar hypertrophy. Tongue and uvula are midline."
1,12,440,345,460,6908,8449,"R1|||||||19|80|YCN|0|0|X|X|0|||0|0|1|18|0||||","F=Arial|K=16777184|T=T","Neck~Symmetric, no masses or midline shift. Thyroid nontender, no goiter."
1,12,460,345,480,6982,8449,"R1|||||||19|80|YCN|0|0|X|X|0|||0|0|1|19|0||||","F=Arial|K=16777184|T=T","Chest~Appears symmetric. No chest wall deformities on palpation."
1,12,480,345,500,7010,8449,"R1|||||||19|80|YCN|0|0|X|X|0|||0|0|1|20|0||||","F=Arial|K=16777184|T=T","Lungs~CTAB. No intercostal retractions, accessory muscle use, or nasal flaring."
1,12,500,345,520,7105,8449,"R1|||||||19|80|YCN|0|0|X|X|0|||0|0|1|21|0||||","F=Arial|K=16777184|T=T","Cardiovascular~S1, S2, regular rate, no S3 or S4. No murmur. Normal PMI on palpation, no thrills. Distal pulses 2+/symmetric, and no brachial-femoral discordance; cap refill < 2 sec. No lower extremity edema."
1,12,520,345,540,7358,8449,"R1|||||||19|80|YCN|0|0|X|X|0|||0|0|1|22|0||||","F=Arial|K=16777184|T=T","Abdomen~Nondistended; normoactive bowel sounds. Soft, nontender on palpation. No hepatomegaly or splenomegaly."
1,12,540,345,560,7649,8449,"R1|||||||19|80|YCN|0|0|X|X|0|||0|0|1|23|0||||","F=Arial|K=16777184|T=T","Musculoskeletal~Spine straight with no lesions. Paraspinal muscles nontender, no spasm. Normal range of motion. Extremities nontender, no obvious deformities. Full range of motion. Strength intact with normal tone; no atrophy. No cyanosis or nail abnormalities."
1,12,560,345,580,8202,8449,"R1|||||||19|80|YCN|0|0|X|X|0|||0|0|1|24|0||||","F=Arial|K=16777184|T=T","Neurologic~CN 2-12 grossly intact. Strength is 5/5 in proximal and distal extremities. Sensation intact to light touch."
1,12,580,345,600,6963,8449,"R1|||||||19|80|YCN|0|0|X|X|0|||0|0|1|25|0||||","F=Arial|K=16777184|T=T","Lymph nodes~no palpable nodes in the head or neck or groin."
1,12,600,345,620,6142,8449,"R1|||||||19|80|YCN|0|0|X|X|0|||0|0|1|26|0||||","F=Arial|K=16777184|T=T","Skin~no rashes, lesions, or petechiae. No induration or nodules on palpation."
1,12,620,345,640,11174,8961,"R1|||||||19|80|YCN|0|0|X|X|0|||0|0|1|27|0||||","F=Arial|K=16777184|T=T","Genitals/Puberty~ phenotype for gender. SMR/Tanner staging is age-appropriate, with no signs of early or delayed puberty. ~ "
1,12,640,345,660,41871,8449,"DI|||||||19|80|YCN|0|0|X|X|0|||0|0|1|28|0||||","F=Arial|K=16777184|T=T","Guidance (anticipatory)~Age-appropriate guidance discussed, including but not limited to: lifestyle (nutrition, sleep hygiene, physical activity), safety, behavior, and discipline.~ "
1,12,660,345,680,34845,8449,"|||||||19|80|YCN|0|0|X|X|0|||0|0|1|29|0||||","F=Arial|K=16777184|T=T","Assessment and Plan~ ~---------------------------------------------------------------------------------~ROUTINE WELL-CHILD WITH NO ABNORMAL FINDINGS~---------------------------------------------------------------------------------~Normal growth and development, with no major concerns on exam or screening measures. ~Age-appropriate anticipatory guidance discussed. ~Immunizations discussed, and patient referred to Immunizations Clinic as needed. ~Follow-up at next well-child appointment. ~ ~"
1,365,53,737,750,0,2,"|||||||0|0||0|0|||0|||0|0|1|0|0|0|||","T=T|L=2:","13499135:0:0:1:ACUTE URI FRAME"
1,410,63,700,93,0,16384,"|||||||0|0||0|0|||0|||0|0|1|0|0|0|||","F=Arial|O=64","Generate acute URI encounter:"
1,375,100,720,120,1718,33562881,"|||||||19|210|YCN|0|0|X|X|0|||0|0|1|0|0||||","F=Arial|K=16777215|T=T","Chief Complaint~cough, congestion"
1,375,120,720,140,115033,8449,"R2|||||||19|80|YCN|0|0|X|X|0|||0|0|1|2|0||||","F=Arial|K=16777184|T=T","History of present illness~ ~Generally healthy patient presents with several days of increased congestion, rhinorrhea, and cough. Cough is worse at night; sleeping poorly. No dyspnea. Not as energetic as usual, but not lethargic. Decreased appetite, but drinking and voiding at baseline. Parent tried an OTC ``natural`` remedy without obvious improvement. Denies nausea, vomiting, or diarrhea. No obvious or focal pain. No rash. Patient has been exposed to other children recently, but parent unsure if any were sick. ~ "
1,375,140,720,160,195087,8449,"R2|||||||19|80|YCN|0|0|X|X|0|||0|0|1|3|0||||","F=Arial|K=16777184|T=T","Medications~Reviewed and reconciled, including OTC/CAM meds~* No regular medication use~ "
1,375,160,720,180,122305,8449,"R2|||||||19|80|YCN|0|0|X|X|0|||0|0|1|4|0||||","F=Arial|K=16777184|T=T","Allergies~No known drug allergies or history of anaphylaxis.~Autocited allergies reviewed in AHLTA and updated as needed.~ "
1,375,180,720,200,112344,8449,"R2|||||||19|80|YCN|0|0|X|X|0|||0|0|1|5|0||||","F=Arial|K=16777184|T=T","Review of systems~A focused review of systems was performed and was negative, except as detailed above (minimum 10 systems).~ "
1,375,200,720,220,195089,8449,"R2|||||||19|80|YCN|0|0|X|X|0|||0|0|1|6|0||||","F=Arial|K=16777184|T=T","Immunizations~* Receiving all immunizations on schedule (reviewed with parent and/or EHR)~ "
1,375,220,720,240,120054,8449,"R2|||||||19|80|YCN|0|0|X|X|0|||0|0|1|7|0||||","F=Arial|K=16777184|T=T","Medical History~ ~* healthy~ "
1,375,240,720,260,3406,8449,"R2|||||||19|80|YCN|0|0|X|X|0|||0|0|1|8|0||||","F=Arial|K=16777184|T=T","Surgical History~ ~* denies ~ "
1,375,260,720,280,5098,8449,"R2|||||||19|80|YCN|0|0|X|X|0|||0|0|1|9|0||||","F=Arial|K=16777184|T=T","Family History~reviewed and non-contributory.~ "
1,375,280,720,300,122667,8449,"R2|||||||19|80|YCN|0|0|X|X|0|||0|0|1|10|0||||","F=Arial|K=16777184|T=T","Social History~ ~* intact family unit ~* smoke exposure: no~ "
1,375,300,720,320,6001,8449,"R2|||||||19|80|YCN|0|0|X|X|0|||0|0|1|11|0||||","F=Arial|K=16777184|T=T","Vital signs~Vital signs reviewed."
1,375,320,720,340,9307,8449,"R2|||||||19|80|YCN|0|0|X|X|0|||0|0|1|12|0||||","F=Arial|K=16777184|T=T","General Appearance~Well-nourished, well-developed, in no acute distress."
1,375,340,720,360,6369,8449,"R2|||||||19|80|YCN|0|0|X|X|0|||0|0|1|13|0||||","F=Arial|K=16777184|T=T","Head~normocephalic, atraumatic."
1,375,360,720,380,6425,8449,"R2|||||||19|80|YCN|0|0|X|X|0|||0|0|1|14|0||||","F=Arial|K=16777184|T=T","Eyes~PERRL, EOMI. No conjunctival erythema, scleral icterus, or lid inflammation. Symmetric light reflex."
1,375,380,720,400,6675,8449,"R2|||||||19|80|YCN|0|0|X|X|0|||0|0|1|15|0||||","F=Arial|K=16777184|T=T","Ears~TMs mildly retracted but not bulging or erythematous. Landmarks and light reflex intact. External auditory canals are unremarkable."
1,375,400,720,420,6721,8449,"R2|||||||19|80|YCN|0|0|X|X|0|||0|0|1|16|0||||","F=Arial|K=16777184|T=T","Nose~Nasal mucosa is erythematous. Clear to yellow nasal discharge noted."
1,375,420,720,440,6751,8449,"R2|||||||19|80|YCN|0|0|X|X|0|||0|0|1|17|0||||","F=Arial|K=16777184|T=T","Mouth/Throat~Oropharynx is moist. Posterior pharynx is mildly irritated; post-nasal drip noted. Mildly enlarged tonsils, no exudates. Tongue and uvula are midline."
1,375,440,720,460,6908,8449,"R2|||||||19|80|YCN|0|0|X|X|0|||0|0|1|18|0||||","F=Arial|K=16777184|T=T","Neck~Symmetric, no masses or midline shift. Thyroid nontender, no goiter."
1,375,460,720,480,6982,8449,"R2|||||||19|80|YCN|0|0|X|X|0|||0|0|1|19|0||||","F=Arial|K=16777184|T=T","Chest~Appears symmetric. No chest wall deformities on palpation."
1,375,480,720,500,7010,8449,"R2|||||||19|80|YCN|0|0|X|X|0|||0|0|1|20|0||||","F=Arial|K=16777184|T=T","Lungs~CTAB. No intercostal retractions, accessory muscle use, or nasal flaring."
1,375,500,720,520,7105,8449,"R2|||||||19|80|YCN|0|0|X|X|0|||0|0|1|21|0||||","F=Arial|K=16777184|T=T","Cardiovascular~S1, S2, regular rate, no S3 or S4. No murmur. Normal PMI on palpation, no thrills. Distal pulses 2+/symmetric, and no brachial-femoral discordance; cap refill < 2 sec. No lower extremity edema."
1,375,520,720,540,7358,8449,"R2|||||||19|80|YCN|0|0|X|X|0|||0|0|1|22|0||||","F=Arial|K=16777184|T=T","Abdomen~Nondistended; normoactive bowel sounds. Soft, nontender on palpation. No hepatomegaly or splenomegaly."
1,375,540,720,560,7649,8449,"R2|||||||19|80|YCN|0|0|X|X|0|||0|0|1|23|0||||","F=Arial|K=16777184|T=T","Musculoskeletal~Spine and paraspinal muscles nontender, no spasm. Normal range of motion. Extremities nontender, no obvious deformities. Full range of motion. Strength intact with normal tone; no atrophy. No cyanosis or nail abnormalities."
1,375,560,720,580,8202,8449,"R2|||||||19|80|YCN|0|0|X|X|0|||0|0|1|24|0||||","F=Arial|K=16777184|T=T","Neurologic~CN 2-12 grossly intact. Strength is 5/5 in proximal and distal extremities. Sensation intact to light touch."
1,375,580,720,600,6963,8449,"R2|||||||19|80|YCN|0|0|X|X|0|||0|0|1|25|0||||","F=Arial|K=16777184|T=T","Lymph nodes~shotty cervical nodes bilaterally, otherwise no palpable nodes in the head or neck or groin."
1,375,600,720,620,6142,8449,"R2|||||||19|80|YCN|0|0|X|X|0|||0|0|1|26|0||||","F=Arial|K=16777184|T=T","Skin~no rashes, lesions, or petechiae. No induration or nodules on palpation."
1,375,620,720,640,11174,8961,"R2|||||||19|80|YCN|0|0|X|X|0|||0|0|1|27|0||||","F=Arial|K=16777184|T=T","Genitals/Puberty~ phenotype for gender. SMR/Tanner staging is age-appropriate, with no signs of early or delayed puberty. ~ "
1,375,640,720,660,41871,8449,"|||||||19|80|YCN|0|0|X|X|0|||0|0|1|28|0||||","F=Arial|K=16777184|T=T","Guidance (illness)~Reviewed signs and symptoms of illness. Discussed supportive care measures, including hydration, nasal suction/irrigation as needed to relieve congestion, and antipyretics as needed for fever or discomfort. Reviewed recommendation to avoid over-the-counter cough and cold medicines in younger children. For children older than 1 year, honey can be effective in the relief of sore throat, but should not be given to infants. Discussed return precautions, including difficulty breathing, lethargy, inability to stay hydrated, prolonged or worsening illness, or any other concerning symptoms. Reviewed routine infection control measures (hand washing, not sharing utensils, etc). ~ "
1,375,660,720,680,359965,8449,"|||||||19|80|YCN|0|0|X|X|0|||0|0|1|29|0||||","F=Arial|K=16777184|T=T","Assessment and Plan~ ~------------------------------------------------------------------------------------------~ACUTE UPPER RESPIRATORY INFECTION, UNCOMPLICATED~------------------------------------------------------------------------------------------~Uncomplicated acute upper respiratory illness with no evidence of lower respiratory involvement or other serious bacterial illness. ~Overall, child is non-toxic appearing and sufficiently hydrated. No indication for antibiotics. ~Discussed supportive care and return precautions (see below). ~If not improving by day 5 of illness, patient to return to care for re-evaluation.  ~ ~"