"MedcinForm-V1.0"
"Flag-PartialStripe","CHCSII","david.alt"
0,0,0,800,600,0,1048576,,"",""
1,5,377,295,395,0,32,|||||||0|0||0|0|||0|||0|0|0|0|0||||,"V=1:DF=1:PS=1:TP=0:MR=F:BS=1:TWS=0:PB=3:NB=3:ROS=1:PL=0:FB=0:EM=0:CB=2",":-2147483633:American Flag"
0,380,0,755,535,0,4,,"I=TS=TB=T","This text is not visible!"
1,300,0,745,30,0,2,"|||||||0|0||0|0|||0|||0|0|0|0|0||||","","256:0:0:1:"
1,300,30,745,60,0,2,"|||||||0|0||0|0|||0|||0|0|0|0|0||||","","16777215:0:0:1:"
1,300,60,745,90,0,2,"|||||||0|0||0|0|||0|||0|0|0|0|0||||","","256:0:0:1:"
1,300,90,745,120,0,2,"|||||||0|0||0|0|||0|||0|0|0|0|0||||","","16777215:0:0:1:"
1,300,120,745,150,0,2,"|||||||0|0||0|0|||0|||0|0|0|0|0||||","","256:0:0:1:"
1,300,150,745,180,0,2,"|||||||0|0||0|0|||0|||0|0|0|0|0||||","","16777215:0:0:1:"
1,300,180,745,210,0,2,"|||||||0|0||0|0|||0|||0|0|0|0|0||||","","256:0:0:1:"
1,0,210,745,240,0,2,"|||||||0|0||0|0|||0|||0|0|0|0|0||||","","16777215:0:0:1:"
1,0,240,745,270,0,2,"|||||||0|0||0|0|||0|||0|0|0|0|0||||","","256:0:0:1:"
1,0,270,745,300,0,2,"|||||||0|0||0|0|||0|||0|0|0|0|0||||","","16777215:0:0:1:"
1,0,300,745,330,0,2,"|||||||0|0||0|0|||0|||0|0|0|0|0||||","","256:0:0:1:"
1,0,330,745,360,0,2,"|||||||0|0||0|0|||0|||0|0|0|0|0||||","","16777215:0:0:1:"
1,0,360,745,390,0,2,"|||||||0|0||0|0|||0|||0|0|0|0|0||||","","256:0:0:1:"
1,0,0,300,210,0,2,"|||||||0|0||0|0|||0|||0|0|0|0|0||||","","DARKBLUE:0:0:1:"
1,15,11,35,31,0,2,"|||||||0|0||0|0|||0|||0|0|0|0|0||||","","16777215:0:0:1:"
1,65,11,85,31,0,2,"|||||||0|0||0|0|||0|||0|0|0|0|0||||","","16777215:0:0:1:"
1,115,11,135,31,0,2,"|||||||0|0||0|0|||0|||0|0|0|0|0||||","","16777215:0:0:1:"
1,165,11,185,31,0,2,"|||||||0|0||0|0|||0|||0|0|0|0|0||||","","16777215:0:0:1:"
1,215,11,235,31,0,2,"|||||||0|0||0|0|||0|||0|0|0|0|0||||","","16777215:0:0:1:"
1,265,11,285,31,0,2,"|||||||0|0||0|0|||0|||0|0|0|0|0||||","","16777215:0:0:1:"
1,40,32,60,52,0,2,"|||||||0|0||0|0|||0|||0|0|0|0|0||||","","16777215:0:0:1:"
1,90,32,110,52,0,2,"|||||||0|0||0|0|||0|||0|0|0|0|0||||","","16777215:0:0:1:"
1,140,32,160,52,0,2,"|||||||0|0||0|0|||0|||0|0|0|0|0||||","","16777215:0:0:1:"
1,190,32,210,52,0,2,"|||||||0|0||0|0|||0|||0|0|0|0|0||||","","16777215:0:0:1:"
1,240,32,260,52,0,2,"|||||||0|0||0|0|||0|||0|0|0|0|0||||","","16777215:0:0:1:"
1,15,53,35,73,0,2,"|||||||0|0||0|0|||0|||0|0|0|0|0||||","","16777215:0:0:1:"
1,65,53,85,73,0,2,"|||||||0|0||0|0|||0|||0|0|0|0|0||||","","16777215:0:0:1:"
1,115,53,135,73,0,2,"|||||||0|0||0|0|||0|||0|0|0|0|0||||","","16777215:0:0:1:"
1,165,53,185,73,0,2,"|||||||0|0||0|0|||0|||0|0|0|0|0||||","","16777215:0:0:1:"
1,215,53,235,73,0,2,"|||||||0|0||0|0|||0|||0|0|0|0|0||||","","16777215:0:0:1:"
1,265,53,285,73,0,2,"|||||||0|0||0|0|||0|||0|0|0|0|0||||","","16777215:0:0:1:"
1,40,74,60,94,0,2,"|||||||0|0||0|0|||0|||0|0|0|0|0||||","","16777215:0:0:1:"
1,90,74,110,94,0,2,"|||||||0|0||0|0|||0|||0|0|0|0|0||||","","16777215:0:0:1:"
1,140,74,160,94,0,2,"|||||||0|0||0|0|||0|||0|0|0|0|0||||","","16777215:0:0:1:"
1,190,74,210,94,0,2,"|||||||0|0||0|0|||0|||0|0|0|0|0||||","","16777215:0:0:1:"
1,240,74,260,94,0,2,"|||||||0|0||0|0|||0|||0|0|0|0|0||||","","16777215:0:0:1:"
1,15,95,35,115,0,2,"|||||||0|0||0|0|||0|||0|0|0|0|0||||","","16777215:0:0:1:"
1,65,95,85,115,0,2,"|||||||0|0||0|0|||0|||0|0|0|0|0||||","","16777215:0:0:1:"
1,115,95,135,115,0,2,"|||||||0|0||0|0|||0|||0|0|0|0|0||||","","16777215:0:0:1:"
1,165,95,185,115,0,2,"|||||||0|0||0|0|||0|||0|0|0|0|0||||","","16777215:0:0:1:"
1,215,95,235,115,0,2,"|||||||0|0||0|0|||0|||0|0|0|0|0||||","","16777215:0:0:1:"
1,265,95,285,115,0,2,"|||||||0|0||0|0|||0|||0|0|0|0|0||||","","16777215:0:0:1:"
1,40,116,60,136,0,2,"|||||||0|0||0|0|||0|||0|0|0|0|0||||","","16777215:0:0:1:"
1,90,116,110,136,0,2,"|||||||0|0||0|0|||0|||0|0|0|0|0||||","","16777215:0:0:1:"
1,140,116,160,136,0,2,"|||||||0|0||0|0|||0|||0|0|0|0|0||||","","16777215:0:0:1:"
1,190,116,210,136,0,2,"|||||||0|0||0|0|||0|||0|0|0|0|0||||","","16777215:0:0:1:"
1,240,116,260,136,0,2,"|||||||0|0||0|0|||0|||0|0|0|0|0||||","","16777215:0:0:1:"
1,15,137,35,157,0,2,"|||||||0|0||0|0|||0|||0|0|0|0|0||||","","16777215:0:0:1:"
1,65,137,85,157,0,2,"|||||||0|0||0|0|||0|||0|0|0|0|0||||","","16777215:0:0:1:"
1,115,137,135,157,0,2,"|||||||0|0||0|0|||0|||0|0|0|0|0||||","","16777215:0:0:1:"
1,165,137,185,157,0,2,"|||||||0|0||0|0|||0|||0|0|0|0|0||||","","16777215:0:0:1:"
1,215,137,235,157,0,2,"|||||||0|0||0|0|||0|||0|0|0|0|0||||","","16777215:0:0:1:"
1,265,137,285,157,0,2,"|||||||0|0||0|0|||0|||0|0|0|0|0||||","","16777215:0:0:1:"
1,40,158,60,178,0,2,"|||||||0|0||0|0|||0|||0|0|0|0|0||||","","16777215:0:0:1:"
1,90,158,110,178,0,2,"|||||||0|0||0|0|||0|||0|0|0|0|0||||","","16777215:0:0:1:"
1,140,158,160,178,0,2,"|||||||0|0||0|0|||0|||0|0|0|0|0||||","","16777215:0:0:1:"
1,190,158,210,178,0,2,"|||||||0|0||0|0|||0|||0|0|0|0|0||||","","16777215:0:0:1:"
1,240,158,260,178,0,2,"|||||||0|0||0|0|||0|||0|0|0|0|0||||","","16777215:0:0:1:"
1,15,179,35,199,0,2,"|||||||0|0||0|0|||0|||0|0|0|0|0||||","","16777215:0:0:1:"
1,65,179,85,199,0,2,"|||||||0|0||0|0|||0|||0|0|0|0|0||||","","16777215:0:0:1:"
1,115,179,135,199,0,2,"|||||||0|0||0|0|||0|||0|0|0|0|0||||","","16777215:0:0:1:"
1,165,179,185,199,0,2,"|||||||0|0||0|0|||0|||0|0|0|0|0||||","","16777215:0:0:1:"
1,215,179,235,199,0,2,"|||||||0|0||0|0|||0|||0|0|0|0|0||||","","16777215:0:0:1:"
1,265,179,285,199,0,2,"|||||||0|0||0|0|||0|||0|0|0|0|0||||","","16777215:0:0:1:"